1.327547410025444030e+01
1.332607025732544059e+01
9.333684276006163572e+00
8.684605047374098774e+00
1.002755016073453831e+01
8.762192899702107241e+00
8.293146525575975758e+00
9.344107427878292071e+00
9.351603974374121719e+00
9.340844161503904175e+00
9.680123560673754568e+00
1.031906891235845158e+01
1.306993633491302198e+01
1.390433426368186431e+01
1.602662089771813214e+01
2.005272146974301251e+01
2.168096665779188470e+01
2.274278019890480351e+01
2.855164567788092000e+01
2.416608498380107406e+01
2.030592219809467736e+01
1.931509535703198210e+01
1.809513261218456392e+01
1.664418530414222630e+01
1.481892705196263549e+01
1.691895746307810811e+01
1.917778875510430936e+01
1.882840464631916433e+01
1.423193402498440818e+01
1.533401314350846256e+01
1.913054284246636527e+01
1.727387681670843733e+01
2.177270463236781239e+01
2.181934760873096479e+01
2.124633783281815624e+01
2.594337771154137329e+01
2.356709182748122799e+01
2.601996586213139651e+01
1.999679936890876064e+01
2.556866377019592207e+01
2.280487420579327917e+01
2.846553832110577531e+01
2.602480465551652600e+01
2.574614740882890018e+01
2.313496227763203095e+01
2.330101124846071770e+01
1.993349352657086371e+01
1.818781356112042502e+01
